127.22641519754964 237.53459125472173
220.52245341893075 238.1982475579066
200.30503144913433 236.49685534897694
192.35675682335375 237.02702695318519
40.540723875903 237.61085976971663
210.9095744421818 235.5
180.91174057800617 237.43431851626616
146.22047784474475 237.20450126904134
168.97435900257418 231.77564099742582
51.179326552427106 231.70712606789996
58.52000003547668 229.56000002059938
313.48065110562845 227.43227886969953
192.54731455367684 226.40153448849043
40.759162252884714 227.0209424720581
217.1304347826087 224.7391304347826
114.96938776279777 225.7244897678662
93.09916510720706 234.7019010813665
100.43902443279333 219.926829319352
100.06872852368821 180.12439862394297
318.3205128205128 113.45726495726495
318.3404255025832 96.7021277098574
317.9067567367637 85.24819817506264
0.7056856332900673 39.05016719495833
